	Spun	Bden	Amac	Tpac	Btau	Hsap
Spun	0	2.536	3.049	2.518	3.119	4.921
Bden	2.536	0	3.335	2.549	2.7	5.109
Amac	3.049	3.335	0	3.705	2.913	5.812
Tpac	2.518	2.549	3.705	0	3.093	4.959
Btau	3.119	2.7	2.913	3.093	0	5.501
Hsap	4.921	5.109	5.812	4.959	5.501	0
